0.388235
0.529412
0.517647
0.447059
0.415686
0.431373
0.337255
0.109804
0.000000
0.003922
0.000000
0.109804
0.337255
0.447059
0.592157
0.792157
0.823529
0.843137
0.913725
0.933333
0.862745
0.709804
0.443137
0.082353
0.000000
0.003922
0.000000
0.000000
0.035294
0.149020
0.247059
0.313726
0.364706
0.501961
0.537255
0.556863
0.545098
0.470588
0.400000
0.247059
0.043137
0.000000
0.090196
0.274510
0.427451
0.486275
0.549020
0.635294
0.639216
0.674510
0.756863
0.756863
0.650980
0.505882
0.270588
0.023529
0.000000
0.003922
0.000000
0.074510
0.247059
0.360784
0.392157
0.403922
0.364706
0.501961
0.580392
0.572549
0.588235
0.505882
0.462745
0.423529
0.317647
0.274510
0.325490
0.400000
0.494118
0.513726
0.564706
0.631373
0.529412
0.513726
0.588235
0.580392
0.509804
0.458824
0.294118
0.050980
0.000000
0.000000
0.078431
0.290196
0.423529
0.478431
0.443137
0.447059
0.356863
0.494118
0.603922
0.588235
0.580392
0.576471
0.537255
0.580392
0.584314
0.584314
0.572549
0.529412
0.541176
0.556863
0.588235
0.619608
0.576471
0.596078
0.647059
0.631373
0.537255
0.478431
0.360784
0.192157
0.003922
0.027451
0.247059
0.400000
0.482353
0.498039
0.458824
0.564706
0.333333
0.454902
0.556863
0.568627
0.611765
0.588235
0.533333
0.588235
0.647059
0.721569
0.709804
0.741176
0.737255
0.615686
0.600000
0.643137
0.549020
0.572549
0.635294
0.607843
0.556863
0.521569
0.462745
0.400000
0.274510
0.250980
0.380392
0.447059
0.494118
0.549020
0.580392
0.572549
0.286275
0.376471
0.466667
0.501961
0.545098
0.615686
0.580392
0.600000
0.533333
0.537255
0.619608
0.729412
0.686275
0.694118
0.662745
0.631373
0.576471
0.619608
0.666667
0.603922
0.635294
0.725490
0.721569
0.713726
0.580392
0.545098
0.545098
0.537255
0.537255
0.603922
0.600000
0.568627
0.203922
0.325490
0.400000
0.458824
0.564706
0.705882
0.662745
0.580392
0.572549
0.631373
0.631373
0.603922
0.501961
0.596078
0.654902
0.674510
0.580392
0.639216
0.682353
0.701961
0.725490
0.733333
0.654902
0.666667
0.701961
0.635294
0.596078
0.556863
0.603922
0.603922
0.600000
0.600000
0.156863
0.266667
0.372549
0.486275
0.596078
0.729412
0.705882
0.584314
0.670588
0.576471
0.494118
0.498039
0.509804
0.607843
0.654902
0.698039
0.647059
0.709804
0.698039
0.623529
0.529412
0.556863
0.729412
0.584314
0.545098
0.607843
0.600000
0.584314
0.615686
0.603922
0.576471
0.549020
0.133333
0.317647
0.388235
0.450980
0.603922
0.650980
0.678431
0.698039
0.643137
0.447059
0.380392
0.372549
0.392157
0.517647
0.674510
0.725490
0.658824
0.725490
0.713726
0.623529
0.505882
0.470588
0.576471
0.666667
0.607843
0.592157
0.654902
0.709804
0.596078
0.529412
0.505882
0.450980
0.137255
0.313726
0.376471
0.454902
0.580392
0.600000
0.701961
0.698039
0.529412
0.443137
0.423529
0.447059
0.450980
0.501961
0.654902
0.733333
0.705882
0.752941
0.694118
0.541176
0.380392
0.403922
0.439216
0.537255
0.682353
0.623529
0.729412
0.752941
0.639216
0.513726
0.407843
0.341176
0.156863
0.203922
0.305882
0.482353
0.549020
0.666667
0.658824
0.556863
0.525490
0.494118
0.462745
0.423529
0.415686
0.462745
0.666667
0.729412
0.705882
0.749020
0.717647
0.541176
0.415686
0.427451
0.396078
0.454902
0.658824
0.752941
0.717647
0.698039
0.643137
0.505882
0.356863
0.278431
0.164706
0.211765
0.345098
0.486275
0.576471
0.752941
0.592157
0.470588
0.439216
0.415686
0.447059
0.474510
0.454902
0.466667
0.639216
0.737255
0.752941
0.772549
0.678431
0.525490
0.396078
0.462745
0.478431
0.462745
0.611765
0.768627
0.666667
0.650980
0.643137
0.431373
0.290196
0.235294
0.164706
0.235294
0.384314
0.490196
0.658824
0.690196
0.552941
0.478431
0.494118
0.462745
0.427451
0.407843
0.447059
0.572549
0.686275
0.733333
0.756863
0.780392
0.733333
0.635294
0.447059
0.419608
0.454902
0.509804
0.525490
0.580392
0.733333
0.658824
0.623529
0.403922
0.254902
0.215686
0.145098
0.286275
0.407843
0.549020
0.698039
0.545098
0.529412
0.505882
0.474510
0.462745
0.474510
0.474510
0.505882
0.541176
0.678431
0.776471
0.776471
0.768627
0.741176
0.670588
0.427451
0.470588
0.505882
0.447059
0.474510
0.505882
0.701961
0.729412
0.611765
0.400000
0.239216
0.203922
0.149020
0.329412
0.427451
0.635294
0.705882
0.458824
0.415686
0.439216
0.458824
0.474510
0.474510
0.517647
0.537255
0.600000
0.717647
0.776471
0.780392
0.756863
0.752941
0.752941
0.537255
0.466667
0.474510
0.458824
0.443137
0.517647
0.709804
0.733333
0.623529
0.415686
0.231373
0.203922
0.176471
0.341176
0.486275
0.690196
0.607843
0.458824
0.443137
0.415686
0.372549
0.329412
0.349020
0.490196
0.482353
0.549020
0.733333
0.788235
0.796078
0.780392
0.729412
0.701961
0.596078
0.525490
0.498039
0.458824
0.525490
0.568627
0.541176
0.701961
0.670588
0.435294
0.247059
0.192157
0.172549
0.341176
0.576471
0.650980
0.529412
0.525490
0.396078
0.364706
0.407843
0.427451
0.564706
0.600000
0.537255
0.643137
0.737255
0.776471
0.788235
0.776471
0.764706
0.709804
0.639216
0.545098
0.482353
0.470588
0.462745
0.462745
0.501961
0.627451
0.741176
0.474510
0.258824
0.156863
0.125490
0.317647
0.592157
0.674510
0.400000
0.392157
0.490196
0.490196
0.439216
0.458824
0.549020
0.478431
0.537255
0.670588
0.772549
0.796078
0.803922
0.788235
0.764706
0.713726
0.682353
0.623529
0.494118
0.388235
0.411765
0.458824
0.443137
0.658824
0.760784
0.505882
0.274510
0.121569
0.098039
0.301961
0.596078
0.600000
0.427451
0.411765
0.364706
0.380392
0.415686
0.490196
0.505882
0.509804
0.635294
0.713726
0.776471
0.792157
0.807843
0.788235
0.752941
0.705882
0.650980
0.592157
0.490196
0.470588
0.396078
0.435294
0.545098
0.627451
0.745098
0.545098
0.282353
0.109804
0.066667
0.313726
0.592157
0.529412
0.482353
0.313726
0.294118
0.400000
0.478431
0.505882
0.482353
0.549020
0.662745
0.764706
0.823529
0.800000
0.819608
0.811765
0.776471
0.729412
0.701961
0.694118
0.580392
0.439216
0.498039
0.501961
0.482353
0.517647
0.709804
0.615686
0.286275
0.086275
0.035294
0.301961
0.627451
0.423529
0.349020
0.458824
0.423529
0.368627
0.352941
0.376471
0.423529
0.592157
0.662745
0.717647
0.807843
0.823529
0.831373
0.800000
0.752941
0.690196
0.670588
0.698039
0.690196
0.541176
0.427451
0.419608
0.407843
0.427451
0.741176
0.619608
0.274510
0.050980
0.019608
0.301961
0.639216
0.396078
0.329412
0.349020
0.392157
0.427451
0.407843
0.419608
0.470588
0.647059
0.686275
0.721569
0.803922
0.811765
0.823529
0.819608
0.792157
0.713726
0.713726
0.670588
0.643137
0.541176
0.435294
0.356863
0.372549
0.509804
0.705882
0.592157
0.274510
0.031373
0.015686
0.305882
0.627451
0.443137
0.247059
0.286275
0.419608
0.431373
0.356863
0.298039
0.345098
0.560784
0.662745
0.745098
0.843137
0.831373
0.843137
0.831373
0.752941
0.658824
0.701961
0.713726
0.690196
0.592157
0.427451
0.431373
0.454902
0.466667
0.635294
0.596078
0.270588
0.015686
0.003922
0.329412
0.600000
0.380392
0.341176
0.321569
0.305882
0.305882
0.333333
0.384314
0.427451
0.533333
0.721569
0.764706
0.811765
0.811765
0.819608
0.815686
0.756863
0.682353
0.686275
0.674510
0.662745
0.650980
0.560784
0.431373
0.396078
0.376471
0.611765
0.584314
0.211765
0.003922
0.000000
0.356863
0.560784
0.305882
0.364706
0.439216
0.537255
0.627451
0.670588
0.674510
0.623529
0.600000
0.654902
0.776471
0.827451
0.800000
0.839216
0.843137
0.737255
0.666667
0.678431
0.662745
0.603922
0.552941
0.458824
0.411765
0.325490
0.341176
0.643137
0.549020
0.152941
0.000000
0.007843
0.372549
0.521569
0.309804
0.533333
0.729412
0.749020
0.733333
0.721569
0.705882
0.698039
0.690196
0.670588
0.772549
0.839216
0.823529
0.850980
0.835294
0.690196
0.627451
0.635294
0.650980
0.674510
0.666667
0.419608
0.301961
0.356863
0.376471
0.607843
0.529412
0.129412
0.000000
0.027451
0.396078
0.498039
0.564706
0.725490
0.749020
0.745098
0.756863
0.776471
0.796078
0.800000
0.796078
0.796078
0.831373
0.854902
0.823529
0.850980
0.850980
0.772549
0.749020
0.780392
0.768627
0.768627
0.792157
0.690196
0.525490
0.415686
0.380392
0.525490
0.537255
0.101961
0.000000
0.050980
0.435294
0.607843
0.745098
0.741176
0.749020
0.780392
0.815686
0.839216
0.839216
0.827451
0.811765
0.815686
0.882353
0.890196
0.850980
0.890196
0.882353
0.768627
0.780392
0.827451
0.839216
0.819608
0.756863
0.713726
0.745098
0.650980
0.384314
0.513726
0.509804
0.070588
0.000000
0.078431
0.474510
0.650980
0.745098
0.745098
0.776471
0.831373
0.839216
0.839216
0.843137
0.847059
0.847059
0.819608
0.862745
0.874510
0.858824
0.878431
0.847059
0.784314
0.815686
0.827451
0.831373
0.843137
0.807843
0.729412
0.737255
0.729412
0.580392
0.556863
0.443137
0.050980
0.000000
0.113725
0.509804
0.662745
0.698039
0.764706
0.807843
0.819608
0.827451
0.850980
0.870588
0.882353
0.882353
0.866667
0.890196
0.878431
0.847059
0.882353
0.870588
0.854902
0.870588
0.862745
0.843137
0.827451
0.835294
0.811765
0.760784
0.733333
0.725490
0.647059
0.423529
0.035294
0.000000
0.149020
0.552941
0.654902
0.698039
0.792157
0.811765
0.823529
0.858824
0.886275
0.890196
0.878431
0.870588
0.866667
0.925490
0.921569
0.890196
0.929412
0.901961
0.862745
0.882353
0.886275
0.878431
0.843137
0.823529
0.819608
0.800000
0.745098
0.741176
0.662745
0.427451
0.031373
0.000000
0.184314
0.576471
0.658824
0.737255
0.796078
0.807843
0.850980
0.898039
0.894118
0.886275
0.886275
0.878431
0.862745
0.913725
0.929412
0.913725
0.925490
0.890196
0.858824
0.878431
0.874510
0.894118
0.890196
0.850980
0.815686
0.815686
0.784314
0.701961
0.662745
0.431373
0.035294
0.000000